clear;
clc;

I1=[71229194.94,10333.31,30002.41;
    10333.31,25410646.84,144936.39;
    30002.41,144936.39,61248381.24]*1e-9;
I2=[55172301.40,314.02,-116153912.75;
    314.02,447621523.93,3236.47;
    -116153912.75,3236.47,398982214.41]*1e-9;
I3=[32239127.58,17533.11,-15359.11;
    17533.11,26611373.33,-90460.51;
    -15359.11,-90460.51,12389023.56]*1e-9;
R4=[1,0,0;
    0,-1,0;
    0,0,-1];
I4=R4*[176774093.76,-4296.09,9512.11;
    -4296.09,11025551.03,8891670.03;
    9512.11,8891670.03,169092884.21]*1e-9*R4';
I5=[12125667.40,1040.86,-1243.51;
    1040.86,9840038.94,-24117.07;
    -1243.51,-24117.07,4277241.43]*1e-9;
R6=[0,1,0;
    -1,0,0;
    0,0,1];
I6=R6*[1183699.40,-255.53,14722.75;
       -255.53,1238649.07,-342.82;
       14722.75,-342.82,585846.9]*1e-9*R6';
I1C=[   46167039.42,    2116.69,        26710.49;
        2116.69,        21944229.27,    8797091.54;
        26710.49,       8797091.54,     39652637.03]*1e-9;
I2C=[   6131260.18,     -4957.82,       -2392349.81;
        -4957.82,       134685326.69,   963.85;
        -2392349.81,    963.85,         135087058.18]*1e-9;

I3C=[21470885.80,10308.98,1091.43;
    10308.98,17583990.80,-4054753.75;
    1091.43,-4054753.75,10648104.35]*1e-9;


I4C=R4*[49561362.63,13462.22,6498.44;
    13462.22,7464396.28,-12092659.64;
    6498.44,-12092659.64,45441302.73]*1e-9*R4;

I5C=[7956816.25,1803.46,-3094.77;
    1803.46,6275966.23,-1492271.42;
    -3094.77,-1492271.42,3672461.05]*1e-9;

I6C=R6*[483409.42,-276.90,-7019.04;
        -276.90,537684.75,345.58;
        -7019.04,345.58,585171.2]*1e-9*R6';
